07 07 07 07 07 07 07 07 07 07 07 07 07 07 07 07 07 07 07 07 07 07 07 07 
07 07 00 00 00 07 07 07 07 07 07 07 07 07 07 07 07 07 07 07 07 07 07 07 
07 07 07 00 07 07 07 07 07 08 08 08 08 08 08 08 07 07 07 07 07 07 07 07 
07 07 07 00 07 07 07 07 08 08 00 00 00 00 00 00 08 07 07 07 07 07 07 07 
07 00 00 07 07 07 07 07 08 00 00 0F 0F 0F 04 0F 07 07 07 0C 07 07 07 07 
07 07 07 07 07 07 07 07 07 00 0F 0F 0F 0F 0F 0F 07 07 0C 0C 0C 07 07 07 
07 07 07 07 07 07 07 07 07 00 00 0F 0F 0F 0F 0F 07 07 07 0C 07 07 07 07 
07 07 07 07 07 07 07 07 07 07 07 0F 0F 0F 07 07 07 07 07 0F 07 07 07 07 
07 07 07 07 07 0F 0F 04 04 04 04 04 04 04 04 04 04 0F 0F 07 07 07 07 07 
07 07 07 07 0F 07 07 04 04 04 04 04 04 04 04 04 04 07 07 07 07 07 07 07 
07 07 07 07 0C 07 07 04 04 04 04 04 04 04 04 04 04 07 07 07 07 07 07 07 
07 07 07 0C 0C 0C 07 04 04 04 04 04 04 04 04 04 04 07 07 07 07 07 07 07 
07 07 07 07 0C 07 07 04 04 04 04 04 04 04 04 04 04 07 07 07 07 00 00 07 
07 07 07 07 07 07 07 04 04 04 04 04 04 04 04 04 04 07 07 07 00 07 07 07 
07 07 07 07 07 07 07 07 04 04 04 04 04 04 04 04 07 07 07 07 00 07 07 07 
07 07 07 07 07 07 07 07 07 07 07 07 07 07 07 07 07 07 07 00 00 00 07 07 
07 07 07 07 07 07 07 07 07 07 07 07 07 07 07 07 07 07 07 07 07 07 07 07 
