07 07 07 07 07 07 07 07 07 07 07 07 07 07 07 07 07 07 07 07 07 07 07 07 
07 07 00 00 07 07 07 07 07 07 07 07 07 0E 07 07 07 07 07 07 07 07 07 07 
07 00 77 77 00 07 07 07 07 07 07 03 0E 0D 0E 07 07 07 07 07 07 07 07 07 
07 00 07 07 00 07 07 07 07 07 03 03 03 03 03 03 03 07 07 0C 07 07 07 07 
07 07 00 00 07 07 07 07 07 03 03 0F 0F 0F 0A 0F 03 03 0C 0C 0C 07 07 07 
07 07 07 07 00 07 07 07 07 03 0F 0F 0F 0F 0F 0F 07 03 07 0C 07 07 07 07 
07 07 07 07 07 07 07 07 07 03 03 0F 0F 0F 0F 0F 07 07 07 0F 07 07 07 07 
07 07 07 07 07 07 07 07 07 07 03 0F 0F 0F 07 07 07 07 0F 07 07 07 07 07 
07 07 07 07 07 07 0F 04 04 04 04 04 04 04 04 04 04 0F 07 07 07 07 07 07 
07 07 07 07 07 0F 07 04 04 04 04 04 04 04 04 04 04 07 07 07 07 07 07 07 
07 07 07 07 0F 07 07 04 04 04 04 04 04 04 04 04 04 07 07 07 07 07 07 07 
07 07 07 07 0C 07 07 04 04 04 04 04 04 04 04 04 04 07 07 00 07 07 07 07 
07 07 07 0C 0C 0C 07 04 04 04 04 04 04 04 04 04 04 07 07 07 00 00 07 07 
07 07 07 07 0C 07 07 04 04 04 04 04 04 04 04 04 04 07 07 00 07 07 00 07 
07 07 07 07 07 07 04 04 04 04 04 04 04 04 04 04 04 07 07 00 07 07 00 07 
07 07 07 07 07 04 04 04 04 04 07 04 04 07 07 74 74 74 07 07 00 00 07 07 
07 07 07 07 07 07 07 07 07 07 07 07 07 07 07 07 07 07 07 07 07 07 07 07 
