07 07 07 07 07 07 07 07 07 07 07 07 07 07 07 07 07 07 07 07 07 07 07 07 
07 07 00 00 07 07 07 07 07 07 0E 07 0E 0E 07 0E 07 07 07 07 07 07 07 07 
07 00 77 77 00 07 07 07 07 07 07 0E 0E 0E 0E 07 07 07 07 07 07 07 07 07 
07 00 07 07 00 07 07 07 07 06 06 06 06 06 06 06 06 07 07 00 07 07 07 07 
07 07 00 00 07 07 07 07 06 06 06 06 0F 0F 08 0F 06 06 00 00 00 07 07 07 
07 07 07 07 00 07 07 07 06 06 0F 0F 0F 0F 0F 0F 06 06 07 00 07 07 07 07 
07 07 07 07 07 07 07 07 07 06 06 0F 0F 0F 0F 0F 06 07 07 0F 07 07 07 07 
07 07 07 07 07 07 07 07 07 07 07 0F 0F 0F 07 07 07 07 0F 07 07 07 07 07 
07 07 07 07 07 07 0F 04 04 04 04 04 04 04 04 04 04 0F 07 07 07 07 07 07 
07 07 07 07 07 0F 07 04 04 04 04 04 04 04 04 04 04 07 07 07 07 07 07 07 
07 07 07 07 0F 07 07 04 04 04 04 04 04 04 04 04 04 07 07 07 07 07 07 07 
07 07 07 07 00 07 07 04 04 04 04 04 04 04 04 04 04 07 07 00 07 07 07 07 
07 07 07 00 00 00 07 04 04 04 04 04 04 04 04 04 04 07 07 07 00 00 07 07 
07 07 07 07 00 07 07 04 04 04 04 04 04 04 04 04 04 07 07 00 07 07 00 07 
07 07 07 07 07 07 04 04 04 04 04 04 04 04 04 04 04 07 07 00 07 07 00 07 
07 07 07 07 07 04 04 04 04 04 07 04 04 07 07 74 74 74 07 07 00 00 07 07 
07 07 07 07 07 07 07 07 07 07 07 07 07 07 07 07 07 07 07 07 07 07 07 07 
