07 07 07 07 07 07 07 07 07 07 07 07 07 07 07 07 07 07 07 07 07 07 07 07 
07 07 00 00 07 07 07 07 07 07 0E 07 0E 0E 07 0E 07 07 07 07 07 07 07 07 
07 00 77 77 00 07 07 07 07 07 07 0E 0E 0E 0E 07 07 07 07 07 07 07 07 07 
07 00 07 07 00 07 07 07 07 07 09 09 09 09 09 09 07 07 0C 07 0C 07 07 07 
07 07 00 00 07 07 07 07 07 09 09 0F 0F 0F 0A 0F 09 07 0C 0C 0C 07 07 07 
07 07 07 07 00 07 07 07 07 09 0F 0F 0F 0F 0F 0F 09 07 07 0C 07 07 07 07 
07 07 07 07 07 07 07 07 07 09 01 0F 0F 0F 0F 0F 09 07 07 0F 07 07 07 07 
07 07 07 07 07 07 07 07 07 09 01 0F 0F 0F 01 01 09 07 0F 07 07 07 07 07 
07 07 07 07 07 07 0F 04 04 04 04 04 04 04 04 04 04 0F 07 07 07 07 07 07 
07 07 07 07 07 0F 07 04 04 04 04 04 04 04 04 04 04 07 07 07 07 07 07 07 
07 07 07 07 0F 07 07 04 04 04 04 04 04 04 04 04 04 07 07 07 07 07 07 07 
07 07 07 0C 0F 0C 07 04 04 04 04 04 04 04 04 04 04 07 07 00 07 07 07 07 
07 07 07 0C 0C 0C 07 04 04 04 04 04 04 04 04 04 04 07 07 07 00 00 07 07 
07 07 07 07 0C 07 07 04 04 04 04 04 04 04 04 04 04 07 07 00 07 07 00 07 
07 07 07 07 07 07 04 04 04 04 04 04 04 04 04 04 04 07 07 00 07 07 00 07 
07 07 07 07 07 04 04 04 04 04 07 04 04 07 07 74 74 74 07 07 00 00 07 07 
07 07 07 07 07 07 07 07 07 07 07 07 07 07 07 07 07 07 07 07 07 07 07 07 
