07 07 07 07 07 07 07 07 07 07 07 07 07 07 07 07 07 07 07 07 07 07 07 07 
07 07 00 00 00 07 07 07 07 07 07 07 07 07 07 07 07 07 07 07 07 07 07 07 
07 07 07 00 07 07 07 07 07 00 00 00 00 00 00 00 07 07 07 07 07 07 07 07 
07 07 07 00 07 07 07 07 00 00 06 06 06 06 06 06 00 07 07 07 07 07 07 07 
07 00 00 07 07 07 07 07 00 06 06 0F 0F 0F 04 0F 07 07 07 00 07 07 07 07 
07 07 07 07 07 07 07 07 07 06 0F 0F 0F 0F 0F 0F 07 07 00 00 00 07 07 07 
07 07 07 07 07 07 07 07 07 06 06 0F 0F 0F 0F 0F 07 07 07 00 07 07 07 07 
07 07 07 07 07 07 07 07 07 07 07 0F 0F 0F 07 07 07 07 07 0F 07 07 07 07 
07 07 07 07 07 0F 0F 04 04 04 04 04 04 04 04 04 04 0F 0F 07 07 07 07 07 
07 07 07 07 0F 07 07 04 04 04 04 04 04 04 04 04 04 07 07 07 07 07 07 07 
07 07 07 07 00 07 07 04 04 04 04 04 04 04 04 04 04 07 07 07 07 07 07 07 
07 07 07 00 00 00 07 04 04 04 04 04 04 04 04 04 04 07 07 07 07 07 07 07 
07 07 07 07 00 07 07 04 04 04 04 04 04 04 04 04 04 07 07 07 07 00 00 07 
07 07 07 07 07 07 07 04 04 04 04 04 04 04 04 04 04 07 07 07 00 07 07 07 
07 07 07 07 07 07 07 07 04 04 04 04 04 04 04 04 07 07 07 07 00 07 07 07 
07 07 07 07 07 07 07 07 07 07 07 07 07 07 07 07 07 07 07 00 00 00 07 07 
07 07 07 07 07 07 07 07 07 07 07 07 07 07 07 07 07 07 07 07 07 07 07 07 
