07 07 07 07 07 07 07 07 07 07 07 07 07 07 07 07 07 07 07 07 07 07 07 07 
07 00 07 00 00 07 07 07 0C 07 0C 07 0C 07 0C 07 0C 07 07 07 07 07 07 07 
07 00 00 07 07 07 07 07 07 0C 0C 0C 0C 0C 0C 0C 07 07 07 07 07 07 07 07 
07 00 07 00 07 07 07 07 07 0E 0E 0E 0E 0E 0E 0E 07 07 07 07 07 07 07 07 
07 00 07 07 00 07 07 07 0E 0E 06 0F 0F 0F 02 0F 07 07 07 00 07 07 07 07 
07 07 07 07 07 07 07 0E 0E 06 0F 0F 0F 0F 0F 0F 07 07 00 00 00 07 07 07 
07 07 07 07 07 07 07 0E 06 06 06 0F 0F 0F 0F 0F 07 07 00 0E 00 07 07 07 
07 07 07 07 07 07 07 0E 06 06 06 0F 0F 0F 07 07 07 07 07 05 07 07 07 07 
07 07 07 07 07 0D 0D 0D 0D 0D 0D 0D 0D 0D 0D 0D 0D 0D 0D 05 07 07 07 07 
07 07 07 07 0D 05 05 0D 0D 0D 0D 0D 0D 0D 0D 0D 0D 05 05 07 07 07 07 07 
07 07 07 00 0D 00 07 0D 0D 0D 0D 0D 0D 0D 0D 0D 0D 07 07 07 07 07 07 07 
07 07 07 00 00 00 07 0D 0D 0D 0D 0D 0D 0D 0D 0D 0D 07 07 07 07 07 07 07 
07 07 07 07 00 07 07 0D 0D 0D 0D 0D 0D 0D 0D 0D 0D 07 07 00 07 07 00 07 
07 07 07 07 07 07 07 0D 0D 0D 0D 0D 0D 0D 0D 0D 0D 07 07 07 00 07 00 07 
07 07 07 07 07 07 07 0D 0D 0D 0D 0D 0D 0D 0D 0D 0D 07 07 07 07 00 00 07 
07 07 07 07 07 07 07 07 07 07 07 07 07 07 07 07 07 07 07 00 00 07 00 07 
07 07 07 07 07 07 07 07 07 07 07 07 07 07 07 07 07 07 07 07 07 07 07 07 
