07 07 07 07 07 07 07 07 07 07 07 07 07 07 07 07 07 07 07 07 07 07 07 07 
07 00 00 00 00 07 07 00 07 07 07 07 07 07 07 07 00 07 07 07 07 07 07 07 
07 00 00 00 00 07 00 00 00 07 07 07 07 07 07 00 00 70 07 07 07 07 07 07 
07 07 07 07 00 07 00 07 00 07 07 07 07 07 07 00 07 00 07 07 07 07 07 07 
07 00 70 00 00 07 07 07 07 07 07 07 07 07 07 07 07 07 07 07 07 07 07 07 
07 07 07 07 07 07 07 00 07 07 07 07 07 07 07 07 00 07 07 07 07 07 07 07 
07 07 07 07 07 07 00 00 00 07 07 07 07 07 07 00 00 00 07 07 07 07 07 07 
07 07 07 07 07 07 00 07 00 07 07 00 00 07 07 00 07 00 07 07 07 07 07 07 
07 07 07 07 07 07 07 07 07 07 00 00 00 00 07 07 07 07 07 07 07 07 07 07 
07 07 07 07 07 07 00 07 00 07 00 07 07 00 07 00 07 00 07 07 07 07 07 07 
07 07 07 07 07 07 00 00 00 07 07 07 07 07 07 00 00 70 07 07 07 07 07 07 
07 07 07 07 07 07 07 00 07 07 07 07 07 07 07 07 00 07 07 07 07 07 07 07 
07 07 07 07 07 07 07 07 07 07 07 07 07 07 07 07 07 07 07 00 00 00 00 07 
07 07 07 07 07 07 00 07 00 07 07 07 07 07 07 00 07 00 07 00 07 07 07 07 
07 07 07 07 07 07 00 00 00 07 07 07 07 07 07 00 00 00 07 00 00 00 00 07 
07 07 07 07 07 07 07 70 07 07 07 07 07 07 07 07 70 07 07 00 00 00 00 07 
07 07 07 07 07 07 07 07 07 07 07 07 07 07 07 07 07 07 07 07 07 07 07 07 
