07 07 07 07 07 07 07 07 07 07 07 07 07 07 07 07 07 07 07 07 07 07 07 07 
07 07 00 00 07 07 07 07 07 07 0E 07 0E 0E 07 0E 07 07 07 07 07 07 07 07 
07 00 77 77 00 07 07 07 07 07 07 0E 0E 0E 0E 07 07 07 07 07 07 07 07 07 
07 00 07 07 00 07 07 07 07 0D 0D 0D 0D 0D 0D 0D 07 07 07 00 07 07 07 07 
07 07 00 00 07 07 07 07 0D 0D 0D 0F 0F 0F 0A 0F 07 07 00 00 00 07 07 07 
07 07 07 07 00 07 07 0D 0D 05 0F 0F 0F 0F 0F 0F 07 07 00 0F 00 07 07 07 
07 07 07 07 07 07 07 0D 0D 05 05 0F 0F 0F 0F 0F 07 07 07 0F 07 07 07 07 
07 07 07 07 07 07 07 0D 0D 05 05 0F 0F 0F 07 07 07 07 0F 07 07 07 07 07 
07 07 07 07 07 07 0F 0D 0D 0D 04 04 04 04 04 04 0F 0F 07 07 07 07 07 07 
07 07 07 07 07 0F 07 04 0D 0D 04 04 04 04 04 04 04 07 07 07 07 07 07 07 
07 07 07 07 0F 07 07 04 04 04 04 04 04 04 04 04 04 07 07 07 07 07 07 07 
07 07 07 00 0F 00 07 04 04 04 04 04 04 04 04 04 04 07 07 00 07 07 07 07 
07 07 07 00 00 00 07 04 04 04 04 04 04 04 04 04 04 07 07 07 00 00 07 07 
07 07 07 07 00 07 07 04 04 04 04 04 04 04 04 04 04 07 07 00 07 07 00 07 
07 07 07 07 07 07 04 04 04 04 04 04 04 04 04 04 04 07 07 00 07 07 00 07 
07 07 07 07 07 04 04 04 04 04 07 04 04 07 07 74 74 74 07 07 00 00 07 07 
07 07 07 07 07 07 07 07 07 07 07 07 07 07 07 07 07 07 07 07 07 07 07 07 
