07 07 07 07 07 07 07 07 07 07 07 07 07 07 07 07 07 07 07 07 07 07 07 07 
07 0C 07 0C 0C 07 07 0C 07 07 07 07 07 07 07 07 0C 07 07 07 07 07 07 07 
07 0C 07 0C 0C 07 0C 0C 0C 07 07 07 07 07 07 0C 0C 0C 07 07 07 07 07 07 
07 0C 07 0C 0C 07 07 0C 07 07 07 0C 0C 07 07 07 0C 07 07 07 07 07 07 07 
07 0C 07 0C 0C 07 07 07 07 07 0C 0C 0C 0C 07 07 07 07 07 07 07 07 07 07 
07 07 07 07 07 07 07 0C 07 07 07 0C 0C 07 07 07 0C 07 07 07 07 07 07 07 
07 07 07 07 07 07 0C 0C 0C 07 07 07 07 07 07 0C 0C 0C 07 07 07 07 07 07 
07 07 07 07 07 07 07 0C 07 07 07 07 07 07 07 07 0C 07 07 07 07 07 07 07 
07 07 07 07 07 07 07 07 07 07 07 07 07 07 07 07 07 07 07 07 07 07 07 07 
07 07 07 07 07 07 07 0C 07 07 07 07 07 07 07 07 0C 07 07 07 07 07 07 07 
07 07 07 07 07 07 0C 0C 0C 07 07 07 07 07 07 0C 0C 0C 07 07 07 07 07 07 
07 07 07 07 07 07 07 0C 07 07 07 0C 0C 07 07 07 0C 07 07 07 07 07 07 07 
07 07 07 07 07 07 07 07 07 07 0C 0C 0C 0C 07 07 07 07 07 0C 0C 07 0C 07 
07 07 07 07 07 07 07 0C 07 07 07 0C 0C 07 07 07 0C 07 07 0C 0C 07 0C 07 
07 07 07 07 07 07 0C 0C 0C 07 07 07 07 07 07 0C 0C 0C 07 0C 0C 07 0C 07 
07 07 07 07 07 07 07 0C 07 07 07 07 07 07 07 07 0C 07 07 0C 0C 07 0C 07 
07 07 07 07 07 07 07 07 07 07 07 07 07 07 07 07 07 07 07 07 07 07 07 07 
