52 52 52 52 52 52 52 52 52 52 52 52 52 52 52 52 52 52 52 52 52 52 52 52 52 52 52 52 52 52 52 52 52 52 52 52 52 52 
52 52 52 52 52 52 52 52 52 52 52 52 52 52 52 52 52 52 52 52 52 52 52 52 52 52 52 52 52 52 52 52 52 52 52 52 52 52 
52 52 52 52 52 52 52 52 52 52 52 52 52 52 52 52 52 52 52 52 52 52 52 52 52 52 52 52 52 52 52 52 52 52 52 52 52 52 
52 52 52 52 52 52 52 52 52 52 52 52 52 52 52 52 52 52 52 52 52 52 52 52 52 52 52 52 52 52 52 52 52 52 52 52 52 52 
52 52 52 52 52 52 52 52 52 52 52 52 52 52 52 52 52 52 52 52 52 52 52 52 52 52 52 52 52 52 52 52 52 52 52 52 52 52 
52 52 52 52 52 52 52 52 52 52 52 52 52 52 52 52 52 52 52 52 52 52 52 52 52 52 52 52 52 52 52 52 52 52 52 52 52 52 
52 52 52 52 52 52 52 52 52 52 52 52 52 52 52 52 52 52 52 52 52 52 52 52 52 52 52 52 52 52 52 52 52 52 52 52 52 52 
52 52 52 52 52 52 52 52 52 52 52 52 52 52 52 52 52 52 52 52 52 52 52 52 52 52 52 52 52 52 52 52 52 52 52 52 52 52 
52 52 52 52 52 52 52 52 52 52 52 52 52 52 52 52 52 52 52 52 52 52 52 52 52 52 52 52 52 52 52 52 52 52 52 52 52 52 
52 52 52 52 52 52 52 52 52 52 52 52 52 52 52 52 52 52 52 52 52 52 52 52 52 52 52 52 52 52 52 52 52 52 52 52 52 52 
52 52 52 52 52 52 52 52 52 52 52 52 52 52 52 52 52 52 52 52 52 52 52 52 52 52 52 52 52 52 52 52 52 52 52 52 52 52 
52 52 52 52 52 52 52 52 52 52 52 52 52 52 52 52 52 52 52 52 52 52 52 52 52 52 52 52 52 52 52 52 52 52 52 52 52 52 
52 52 52 52 52 52 52 52 52 52 52 52 52 52 52 52 52 61 61 61 5d 5d 52 52 52 52 52 52 52 52 52 52 52 52 52 52 52 52 
52 52 52 52 52 52 52 52 52 52 52 52 52 52 52 1f 61 61 61 61 61 5d 5d 61 52 52 52 52 52 52 52 52 52 52 52 52 52 52 
52 52 52 52 52 52 52 52 52 52 52 52 52 52 52 61 61 61 61 61 61 61 61 61 61 21 52 52 52 52 52 52 52 52 52 52 52 52 
52 52 52 52 52 52 52 52 52 52 52 52 52 52 5d 61 5d 5d 5d 5d 61 61 61 61 5d 5d 52 52 52 52 52 52 52 52 52 52 52 52 
52 52 52 52 52 52 52 52 52 52 52 52 52 52 5d 5d 5d 5d 5d 5d 5d 5d 5d 5d 5d 5d 52 52 52 52 52 52 52 52 52 52 52 52 
52 52 52 52 52 52 52 52 52 52 52 52 52 52 5d 5d 5d 5d 5b 5b 5b 5d 5d 5d 5d 1f 52 52 52 52 52 52 52 52 52 52 52 52 
52 52 52 52 52 52 52 52 52 52 52 52 52 52 5d 5d 1f 5b 1f 22 5d 5b 1f 5d 5d 1f 52 52 52 52 52 52 52 52 52 52 52 52 
52 52 52 52 52 52 52 52 52 52 52 52 52 52 5d 5d 1f 5d 61 61 61 5d 1e 1f 21 52 52 52 52 52 52 52 52 52 52 52 52 52 
52 52 52 52 52 52 52 52 52 52 52 52 52 52 61 5d 1f 5d 5d 5d 5d 5d 21 1f 1f 52 52 52 52 52 52 52 52 52 52 52 52 52 
52 52 52 52 52 52 52 52 52 52 52 52 52 52 5d 5d 5d 5d 5d 5d 5d 5d 5d 5d 52 52 52 52 52 52 52 52 52 52 52 52 52 52 
52 52 52 52 52 52 52 52 52 52 52 52 52 52 5d 5d 5d 5d 5b 5d 5d 5d 5d 5d 52 52 52 52 52 52 52 52 52 52 52 52 52 52 
52 52 52 52 52 52 52 52 52 52 52 52 52 5d 5d 5d 5d 5d 5b 5b 21 5d 5d 5d 52 52 52 52 52 52 52 52 52 52 52 52 52 52 
52 52 52 52 52 52 52 52 52 52 52 1e 61 61 5b 5d 5d 21 5b 5d 25 1f 5d 25 60 52 52 52 52 52 52 52 52 52 52 52 52 52 
52 52 52 52 52 52 52 52 52 52 52 61 61 5d 5b 5d 5d 21 1f 1f 61 1f 25 61 61 61 52 52 52 52 52 52 52 52 52 52 52 52 
52 52 52 52 52 52 52 52 52 52 52 5d 5d 25 5d 5d 5d 1f 1e 1e 61 61 61 61 61 61 1e 52 52 52 52 52 52 52 52 52 52 52 
52 52 52 52 52 52 52 52 52 52 1e 5d 5d 25 61 5d 5d 1e 25 1f 61 61 61 61 61 61 25 52 52 52 52 52 52 52 52 52 52 52 
52 52 52 52 52 52 52 52 52 52 5d 5d 5d 25 61 5d 21 1e 61 1f 61 61 61 61 61 5d 1f 52 52 52 52 52 52 52 52 52 52 52 
52 52 52 52 52 52 52 52 52 52 61 61 61 25 61 5d 1f 23 61 1e 25 61 61 61 61 5b 1f 52 52 52 52 52 52 52 52 52 52 52 
52 52 52 52 52 52 52 52 52 5d 61 61 61 61 5d 5d 1f 25 61 1f 1f 61 61 61 61 5d 1f 52 52 52 52 52 52 52 52 52 52 52 
52 52 52 52 52 52 52 52 52 61 61 5d 61 61 5d 5d 1f 61 61 1f 25 61 61 61 61 61 61 52 52 52 52 52 52 52 52 52 52 52 
52 52 52 52 52 52 52 52 1e 61 61 5d 25 61 5d 5d 1f 61 61 1f 25 61 61 61 61 61 61 22 52 52 52 52 52 52 52 52 52 52 
52 52 52 52 52 52 52 52 5b 5d 5d 5d 25 61 61 5d 1f 61 61 1f 25 61 61 61 61 61 61 25 52 52 52 52 52 52 52 52 52 52 
52 52 52 52 52 52 52 52 1e 5d 5d 5b 1f 25 61 5d 21 61 61 23 25 61 25 25 61 61 25 24 52 52 52 52 52 52 52 52 52 52 
52 52 52 52 52 52 52 52 52 5b 5b 5b 1f 61 61 5d 5d 61 61 25 61 61 25 21 5d 5d 5d 52 52 52 52 52 52 52 52 52 52 52 
52 52 52 52 52 52 52 52 52 1f 5b 1f 52 61 61 5d 5d 25 61 61 61 61 25 5d 5d 5d 5d 52 52 52 52 52 52 52 52 52 52 52 
52 52 52 52 52 52 52 52 52 52 52 52 52 61 61 5d 5d 5d 61 61 61 61 5d 5d 5d 5d 5d 52 52 52 52 52 52 52 52 52 52 52 
52 52 52 52 52 52 52 52 52 52 52 52 52 61 61 5d 5d 5d 5d 5d 5d 5d 5d 5d 5d 5d 5b 52 52 52 52 52 52 52 52 52 52 52 
52 52 52 52 52 52 52 52 52 52 52 52 52 61 61 5d 5d 25 25 25 25 25 25 1f 5b 1f 52 52 52 52 52 52 52 52 52 52 52 52 
52 52 52 52 52 52 52 52 52 52 52 52 1e 1e 21 5d 21 25 61 25 22 1e 1e 1e 52 52 52 52 52 52 52 52 52 52 52 52 52 52 
52 52 52 52 52 52 52 52 52 52 52 52 1e 1e 1f 5d 5d 5d 61 1e 1e 1e 1e 1e 21 52 52 52 52 52 52 52 52 52 52 52 52 52 
52 52 52 52 52 52 52 52 52 52 52 52 1e 1e 61 5d 1e 1e 1e 1e 1e 1e 1e 1e 1e 52 52 52 52 52 52 52 52 52 52 52 52 52 
52 52 52 52 52 52 52 52 52 52 52 52 1e 1e 5d 21 1e 1e 1e 1e 1e 1e 1e 1e 1e 52 52 52 52 52 52 52 52 52 52 52 52 52 
52 52 52 52 52 52 52 52 52 52 52 1e 1e 1e 5d 1e 1e 1e 1e 1e 1e 1e 1e 1e 1e 1e 52 52 52 52 52 52 52 52 52 52 52 52 
52 52 52 52 52 52 52 52 52 52 52 1e 1e 1f 21 1e 1e 1e 1e 1e 1e 1e 1e 1e 1e 1e 52 52 52 52 52 52 52 52 52 52 52 52 
52 52 52 52 52 52 52 52 52 52 52 1e 1e 1f 1f 1e 1e 1e 1e 1e 1e 1e 1e 1e 1e 1e 52 52 52 52 52 52 52 52 52 52 52 52 
52 52 52 52 52 52 52 52 52 52 52 1e 1e 61 5d 1e 1e 1e 1e 1e 1e 1e 1e 1e 1e 1e 1e 52 52 52 52 52 52 52 52 52 52 52 
52 52 52 52 52 52 52 52 52 52 1e 1e 21 61 61 21 1e 1e 1e 1e 1e 1e 1e 1e 1e 1e 1e 52 52 52 52 52 52 52 52 52 52 52 
52 52 52 52 52 52 52 52 52 52 1e 1e 1e 5d 5d 21 1e 1e 1e 1e 1e 1e 1e 1e 1e 1e 1e 1e 52 52 52 52 52 52 52 52 52 52 
52 52 52 52 52 52 52 52 52 52 1e 1e 1e 1f 5d 1e 1e 1e 1e 1e 1e 1e 1e 1e 1e 1e 1e 1e 52 52 52 52 52 52 52 52 52 52 
52 52 52 52 52 52 52 52 52 52 1e 1e 1e 1e 1f 1e 1e 1e 1e 1e 1e 1e 1e 1e 1e 1e 1e 52 52 52 52 52 52 52 52 52 52 52 
52 52 52 52 52 52 52 52 52 52 52 1e 1e 1e 1e 1e 1e 1e 1e 1e 1e 1e 1e 1e 1e 1e 52 52 52 52 52 52 52 52 52 52 52 52 
52 52 52 52 52 52 52 52 52 52 52 52 5b 5b 1f 1f 1f 1e 1e 1e 1e 1f 1f 1f 5b 52 52 52 52 52 52 52 52 52 52 52 52 52 
52 52 52 52 52 52 52 52 52 52 52 52 61 61 61 5d 5b 5b 5d 61 5d 5d 5b 5b 52 52 52 52 52 52 52 52 52 52 52 52 52 52 
52 52 52 52 52 52 52 52 52 52 52 52 61 61 61 5d 5b 5d 61 61 61 5d 5b 5b 52 52 52 52 52 52 52 52 52 52 52 52 52 52 
52 52 52 52 52 52 52 52 52 52 52 52 5d 61 61 5d 5d 5d 61 61 5d 5d 5b 52 52 52 52 52 52 52 52 52 52 52 52 52 52 52 
52 52 52 52 52 52 52 52 52 52 52 52 1e 61 61 5d 5d 5d 61 61 5d 5d 5b 52 52 52 52 52 52 52 52 52 52 52 52 52 52 52 
52 52 52 52 52 52 52 52 52 52 52 52 52 61 61 5d 5d 5d 61 5d 5d 5b 1f 52 52 52 52 52 52 52 52 52 52 52 52 52 52 52 
52 52 52 52 52 52 52 52 52 52 52 52 52 61 61 5d 5d 5d 5d 5d 5d 5b 52 52 52 52 52 52 52 52 52 52 52 52 52 52 52 52 
