07 07 07 07 07 07 07 07 07 07 07 07 07 07 07 07 07 07 07 07 07 07 07 07 
07 07 00 00 00 07 07 07 07 07 07 07 07 07 07 07 07 07 07 07 07 07 07 07 
07 07 07 00 07 07 07 07 07 00 00 00 00 00 00 00 00 07 07 07 07 07 07 07 
07 07 07 00 07 07 07 07 00 00 08 08 08 08 08 08 00 00 07 07 07 07 07 07 
07 00 00 07 07 07 07 07 07 08 08 0F 0F 0F 04 0F 07 07 07 00 07 07 07 07 
07 07 07 07 07 07 07 07 07 08 0F 0F 0F 0F 0F 0F 07 07 00 00 00 07 07 07 
07 07 07 07 07 07 07 07 07 08 08 0F 0F 0F 0F 0F 07 07 00 0E 00 07 07 07 
07 07 07 07 07 07 07 07 07 07 07 0F 0F 0F 07 07 07 07 07 0E 07 07 07 07 
07 07 07 07 07 0E 00 00 00 00 00 00 00 00 00 00 00 00 0E 07 07 07 07 07 
07 07 07 07 0E 07 07 0F 0F 0F 0F 0F 0F 0F 0F 0F 0F 07 07 07 07 07 07 07 
07 07 07 00 0E 00 07 0F 0F 0F 0F 0F 0F 0F 0F 0F 0F 07 07 07 07 07 07 07 
07 07 07 00 00 00 07 0F 0F 0F 0F 0F 0F 0F 0F 0F 0F 07 07 07 07 07 07 07 
07 07 07 07 00 07 07 0F 0F 0F 0F 0F 0F 0F 0F 0F 0F 07 07 07 07 00 00 07 
07 07 07 07 07 07 07 0F 0F 0F 0F 0F 0F 0F 0F 0F 0F 07 07 07 00 07 07 07 
07 07 07 07 07 07 07 07 0F 0F 0F 0F 0F 0F 0F 0F 07 07 07 07 00 07 07 07 
07 07 07 07 07 07 07 07 07 07 07 07 07 07 07 07 07 07 07 00 00 00 07 07 
07 07 07 07 07 07 07 07 07 07 07 07 07 07 07 07 07 07 07 07 07 07 07 07 
